ToolName=Rectangle 3562
ShortName=Rectangle
ToolType=5
Points={2023.01.09 08:46:00,11105.500000}{2023.01.09 10:00:00,11105.500000}{2023.01.09 10:00:00,11105.000000}{2023.01.09 08:46:00,11105.000000}
MaxPoints=4
ScreenCoords=0
TimeFrames=1,2,3,5
ClosedPolygon=1
FillInside=1
LineStyle=0,BB00A5FF,1
FillStyle=0,BB00A5FF
FontStyle=Arial,0,11,FF2C2C2C
Description=
Text=
TextVAlign=0
TextHAlign=1
LinkNumber=0
