ToolName=Rectangle 4194
ShortName=Rectangle
ToolType=5
Points={2022.01.21 07:27:00,4474.980000}{2022.01.21 08:18:00,4474.980000}{2022.01.21 08:18:00,4468.990000}{2022.01.21 07:27:00,4468.990000}
MaxPoints=4
ScreenCoords=0
TimeFrames=1,2,3,5,15,60,240,1440,10080,43200
ClosedPolygon=1
FillInside=1
LineStyle=0,BB0000FF,1
FillStyle=0,BB0000FF
FontStyle=Arial,0,11,FF2C2C2C
Description=
Text=
TextVAlign=0
TextHAlign=1
LinkNumber=0
