ToolName=Trend Line 3565
ShortName=Trend Line
ToolType=2
Points={2023.01.09 09:42:00,11090.620000}{2023.01.09 09:56:00,11082.200000}
MaxPoints=2
ScreenCoords=0
TimeFrames=1,2,3,5
ClosedPolygon=0
FillInside=1
LineStyle=0,0000A5FF,1
FillStyle=0,B9FF0000
FontStyle=Arial,0,7,FF2C2C2C
Description=LTF
Text=
TextVAlign=0
TextHAlign=0
LinkNumber=0
