ToolName=Fibo Retracement 4427
ShortName=Fibo Retracement
ToolType=2
Points={2022.01.19 02:45:00,15067.300000}{2022.01.19 10:15:00,15384.040000}
MaxPoints=2
ScreenCoords=0
TimeFrames=1,2,3,5,15,60,240,1440,10080,43200
ClosedPolygon=0
FillInside=1
LineStyle=2,FF4763FF,1
FillStyle=0,B9FF0000
FontStyle=Arial,0,11,FF2C2C2C
Description=
Text=
TextVAlign=0
TextHAlign=1
LinkNumber=0
Levels={50.000 "" 00696969 2 2}
ClosedEnds=0
ExtraPixels=200
ShowPrice=0
